3
8
9
22
27
28
29
34
35
45
46
49
50
53
54
72
75
76
78
80
96
97
102
104
105
108
112
113
119
121
124
126
128
130
132
134
136
140
142
143
144
200
202
204
206
208
215
217
220
221
223
226
229
230
236
237
244
248
252
255
257
261
264
266
270
279
280
281
282
285
287
288
290
291
292
293
294
295
296
297
300
308
309
310
311
313
314
315
316
318
319
320
321
322
323
324
327
329
331
333
334
335
336
337
338
339
341
343
344
346
349
351
352
356
359
361
362
363
364
365
366
367
368
369
370
373
376
378
384
386
387
388
389
392
395
397
416
417
418
420
421
423
424
425
426
427
428
434
435
436
440
441
444
445
448
449
450
451
452
453
457
458
459
460
461
462
463
464
465
466
468
469
470
472
473
475
476
478
480
482
486
495
496
497
498
499
500
501
502
503
506
